
In [12]: results.describe().T.sort_values(by="50%", axis=0, ascending=False)
Out[12]: 
      count      mean       std    min      25%     50%      75%    max
0.08   90.0  0.009522  0.012903 -0.008  0.00025  0.0070  0.01550  0.046
0.07   90.0  0.007511  0.010482 -0.006  0.00000  0.0040  0.01300  0.035
0.1    90.0  0.007144  0.015686 -0.016 -0.00375  0.0030  0.01525  0.068
0.09   90.0  0.006656  0.014343 -0.015 -0.00375  0.0030  0.01375  0.053
0.06   90.0  0.006633  0.009778 -0.004 -0.00100  0.0030  0.01175  0.045
0.11   90.0  0.003900  0.015473 -0.023 -0.00900  0.0020  0.01100  0.058
0.01   90.0  0.000500  0.002324 -0.000 -0.00000 -0.0000  0.00000  0.016
0.05   90.0  0.003433  0.007136 -0.003 -0.00100  0.0000  0.00650  0.024
0.04   90.0  0.003544  0.007527 -0.002 -0.00100  0.0000  0.00400  0.031
0.03   90.0  0.001433  0.004006 -0.001 -0.00100 -0.0000  0.00075  0.023
0.02   90.0  0.000667  0.002526 -0.001 -0.00000 -0.0000 -0.00000  0.017
0.13   90.0  0.001911  0.018584 -0.032 -0.01275 -0.0005  0.01300  0.070
0.12   90.0  0.002278  0.021133 -0.027 -0.01375 -0.0020  0.01175  0.079
0.14   90.0  0.001233  0.024153 -0.034 -0.01575 -0.0035  0.01725  0.088
0.15   90.0 -0.001622  0.025680 -0.041 -0.01750 -0.0065  0.00625  0.091
0.16   90.0 -0.005878  0.021921 -0.042 -0.02275 -0.0085  0.01075  0.062
0.17   90.0 -0.005478  0.025068 -0.050 -0.02575 -0.0095  0.01100  0.063
0.18   90.0 -0.009333  0.026124 -0.072 -0.02700 -0.0145  0.00950  0.063
0.19   90.0 -0.013489  0.032242 -0.071 -0.03975 -0.0175  0.00675  0.086
0.21   90.0 -0.023567  0.034128 -0.094 -0.04500 -0.0255 -0.00325  0.093
0.2    90.0 -0.019944  0.034385 -0.075 -0.04550 -0.0255 -0.00425  0.102
0.22   90.0 -0.033900  0.031028 -0.105 -0.05775 -0.0355 -0.01625  0.053
0.23   90.0 -0.030356  0.034278 -0.097 -0.05475 -0.0375 -0.00825  0.066
0.24   90.0 -0.050711  0.033074 -0.126 -0.07375 -0.0500 -0.02975  0.061
0.25   90.0 -0.051711  0.038612 -0.137 -0.07775 -0.0540 -0.02650  0.059
0.26   90.0 -0.059244  0.034208 -0.121 -0.08550 -0.0635 -0.03925  0.052
0.28   90.0 -0.068178  0.040228 -0.153 -0.09750 -0.0665 -0.04325  0.023
0.27   90.0 -0.074900  0.039631 -0.136 -0.10050 -0.0835 -0.05650  0.071
0.29   90.0 -0.087744  0.044812 -0.180 -0.11925 -0.0880 -0.05850  0.046
0.3    90.0 -0.104300  0.046974 -0.238 -0.13100 -0.1085 -0.08525  0.078
0.31   90.0 -0.109733  0.046218 -0.200 -0.14625 -0.1150 -0.08075  0.054
0.32   90.0 -0.116111  0.049186 -0.233 -0.15175 -0.1160 -0.08350 -0.004
0.33   90.0 -0.128300  0.048376 -0.267 -0.16400 -0.1315 -0.08875 -0.025
0.34   90.0 -0.147644  0.051789 -0.274 -0.18500 -0.1555 -0.11500 -0.022
0.35   90.0 -0.154111  0.062189 -0.281 -0.19350 -0.1560 -0.12425  0.024
0.36   90.0 -0.158167  0.057517 -0.299 -0.19525 -0.1580 -0.11800 -0.040
0.37   90.0 -0.182278  0.062129 -0.330 -0.22375 -0.1865 -0.13250 -0.024
0.38   90.0 -0.197667  0.065488 -0.360 -0.24000 -0.2005 -0.15800 -0.022
0.39   90.0 -0.214133  0.065253 -0.366 -0.26750 -0.2165 -0.17325 -0.043

In [13]: results.describe().T.sort_values(by="mean", axis=0, ascending=False)
Out[13]: 
      count      mean       std    min      25%     50%      75%    max
0.08   90.0  0.009522  0.012903 -0.008  0.00025  0.0070  0.01550  0.046
0.07   90.0  0.007511  0.010482 -0.006  0.00000  0.0040  0.01300  0.035
0.1    90.0  0.007144  0.015686 -0.016 -0.00375  0.0030  0.01525  0.068
0.09   90.0  0.006656  0.014343 -0.015 -0.00375  0.0030  0.01375  0.053
0.06   90.0  0.006633  0.009778 -0.004 -0.00100  0.0030  0.01175  0.045
0.11   90.0  0.003900  0.015473 -0.023 -0.00900  0.0020  0.01100  0.058
0.04   90.0  0.003544  0.007527 -0.002 -0.00100  0.0000  0.00400  0.031
0.05   90.0  0.003433  0.007136 -0.003 -0.00100  0.0000  0.00650  0.024
0.12   90.0  0.002278  0.021133 -0.027 -0.01375 -0.0020  0.01175  0.079
0.13   90.0  0.001911  0.018584 -0.032 -0.01275 -0.0005  0.01300  0.070
0.03   90.0  0.001433  0.004006 -0.001 -0.00100 -0.0000  0.00075  0.023
0.14   90.0  0.001233  0.024153 -0.034 -0.01575 -0.0035  0.01725  0.088
0.02   90.0  0.000667  0.002526 -0.001 -0.00000 -0.0000 -0.00000  0.017
0.01   90.0  0.000500  0.002324 -0.000 -0.00000 -0.0000  0.00000  0.016
0.15   90.0 -0.001622  0.025680 -0.041 -0.01750 -0.0065  0.00625  0.091
0.17   90.0 -0.005478  0.025068 -0.050 -0.02575 -0.0095  0.01100  0.063
0.16   90.0 -0.005878  0.021921 -0.042 -0.02275 -0.0085  0.01075  0.062
0.18   90.0 -0.009333  0.026124 -0.072 -0.02700 -0.0145  0.00950  0.063
0.19   90.0 -0.013489  0.032242 -0.071 -0.03975 -0.0175  0.00675  0.086
0.2    90.0 -0.019944  0.034385 -0.075 -0.04550 -0.0255 -0.00425  0.102
0.21   90.0 -0.023567  0.034128 -0.094 -0.04500 -0.0255 -0.00325  0.093
0.23   90.0 -0.030356  0.034278 -0.097 -0.05475 -0.0375 -0.00825  0.066
0.22   90.0 -0.033900  0.031028 -0.105 -0.05775 -0.0355 -0.01625  0.053
0.24   90.0 -0.050711  0.033074 -0.126 -0.07375 -0.0500 -0.02975  0.061
0.25   90.0 -0.051711  0.038612 -0.137 -0.07775 -0.0540 -0.02650  0.059
0.26   90.0 -0.059244  0.034208 -0.121 -0.08550 -0.0635 -0.03925  0.052
0.28   90.0 -0.068178  0.040228 -0.153 -0.09750 -0.0665 -0.04325  0.023
0.27   90.0 -0.074900  0.039631 -0.136 -0.10050 -0.0835 -0.05650  0.071
0.29   90.0 -0.087744  0.044812 -0.180 -0.11925 -0.0880 -0.05850  0.046
0.3    90.0 -0.104300  0.046974 -0.238 -0.13100 -0.1085 -0.08525  0.078
0.31   90.0 -0.109733  0.046218 -0.200 -0.14625 -0.1150 -0.08075  0.054
0.32   90.0 -0.116111  0.049186 -0.233 -0.15175 -0.1160 -0.08350 -0.004
0.33   90.0 -0.128300  0.048376 -0.267 -0.16400 -0.1315 -0.08875 -0.025
0.34   90.0 -0.147644  0.051789 -0.274 -0.18500 -0.1555 -0.11500 -0.022
0.35   90.0 -0.154111  0.062189 -0.281 -0.19350 -0.1560 -0.12425  0.024
0.36   90.0 -0.158167  0.057517 -0.299 -0.19525 -0.1580 -0.11800 -0.040
0.37   90.0 -0.182278  0.062129 -0.330 -0.22375 -0.1865 -0.13250 -0.024
0.38   90.0 -0.197667  0.065488 -0.360 -0.24000 -0.2005 -0.15800 -0.022
0.39   90.0 -0.214133  0.065253 -0.366 -0.26750 -0.2165 -0.17325 -0.043



