In [85]: results.describe().T.sort_values(by="50%", axis=0, ascending=False)
Out[85]: 
    count      mean       std    min      25%     50%      75%    max
4    90.0 -0.002467  0.097234 -0.377 -0.05400  0.0115  0.06725  0.201
10   90.0  0.002311  0.091024 -0.196 -0.05900  0.0070  0.06300  0.216
6    90.0 -0.002711  0.097213 -0.335 -0.06625  0.0060  0.06150  0.187
2    90.0  0.001489  0.110790 -0.316 -0.06750  0.0050  0.08450  0.335
3    90.0 -0.014289  0.097978 -0.228 -0.08900  0.0040  0.05500  0.169
8    90.0 -0.007067  0.095298 -0.227 -0.06350  0.0015  0.04475  0.222
7    90.0 -0.005556  0.094613 -0.215 -0.06975 -0.0080  0.05300  0.225
9    90.0 -0.008889  0.089114 -0.234 -0.06925 -0.0110  0.04650  0.181
5    90.0 -0.027311  0.097009 -0.315 -0.07875 -0.0235  0.04325  0.145

In [86]: results.describe().T.sort_values(by="mean", axis=0, ascending=False)
Out[86]: 
    count      mean       std    min      25%     50%      75%    max
10   90.0  0.002311  0.091024 -0.196 -0.05900  0.0070  0.06300  0.216
2    90.0  0.001489  0.110790 -0.316 -0.06750  0.0050  0.08450  0.335
4    90.0 -0.002467  0.097234 -0.377 -0.05400  0.0115  0.06725  0.201
6    90.0 -0.002711  0.097213 -0.335 -0.06625  0.0060  0.06150  0.187
7    90.0 -0.005556  0.094613 -0.215 -0.06975 -0.0080  0.05300  0.225
8    90.0 -0.007067  0.095298 -0.227 -0.06350  0.0015  0.04475  0.222
9    90.0 -0.008889  0.089114 -0.234 -0.06925 -0.0110  0.04650  0.181
3    90.0 -0.014289  0.097978 -0.228 -0.08900  0.0040  0.05500  0.169
5    90.0 -0.027311  0.097009 -0.315 -0.07875 -0.0235  0.04325  0.145

In [87]: 



