In [76]: results.describe().T.sort_values(by="mean", axis=0, ascending=False)
Out[76]: 
                   count      mean       std    min      25%     50%      75%  \
average_precision   90.0  0.022289  0.106002 -0.175 -0.05700  0.0300  0.09525   
roc_auc             90.0 -0.000556  0.099528 -0.246 -0.06425 -0.0035  0.06375   
accuracy            90.0 -0.000767  0.107285 -0.314 -0.06650  0.0200  0.07900   
f1                  90.0 -0.002100  0.099845 -0.328 -0.04800  0.0065  0.07150   
recall              90.0 -0.002922  0.108233 -0.400 -0.06600  0.0015  0.06600   
neg_log_loss        90.0 -0.005411  0.110513 -0.340 -0.07150 -0.0060  0.06075   
precision           90.0 -0.005556  0.093972 -0.195 -0.08025 -0.0120  0.05900   

                     max  
average_precision  0.252  
roc_auc            0.246  
accuracy           0.177  
f1                 0.239  
recall             0.262  
neg_log_loss       0.211  
precision          0.216  

In [77]: results.describe().T.sort_values(by="50%", axis=0, ascending=False)
Out[77]: 
                   count      mean       std    min      25%     50%      75%  \
average_precision   90.0  0.022289  0.106002 -0.175 -0.05700  0.0300  0.09525   
accuracy            90.0 -0.000767  0.107285 -0.314 -0.06650  0.0200  0.07900   
f1                  90.0 -0.002100  0.099845 -0.328 -0.04800  0.0065  0.07150   
recall              90.0 -0.002922  0.108233 -0.400 -0.06600  0.0015  0.06600   
roc_auc             90.0 -0.000556  0.099528 -0.246 -0.06425 -0.0035  0.06375   
neg_log_loss        90.0 -0.005411  0.110513 -0.340 -0.07150 -0.0060  0.06075   
precision           90.0 -0.005556  0.093972 -0.195 -0.08025 -0.0120  0.05900   

                     max  
average_precision  0.252  
accuracy           0.177  
f1                 0.239  
recall             0.262  
roc_auc            0.246  
neg_log_loss       0.211  
precision          0.216  

In [78]: 

