In [96]: results.describe().T.sort_values(by="mean", axis=0, ascending=False)
Out[96]: 
      count      mean       std    min      25%     50%      75%    max
0.24   90.0  0.024567  0.099489 -0.297 -0.02700  0.0360  0.07875  0.269
0.37   90.0  0.011322  0.086527 -0.160 -0.03775  0.0130  0.05675  0.252
0.32   90.0  0.006222  0.090144 -0.255 -0.03375  0.0175  0.06125  0.164
0.28   90.0  0.004833  0.101796 -0.197 -0.05275  0.0135  0.07275  0.211
0.23   90.0  0.003978  0.121406 -0.296 -0.06800  0.0075  0.08475  0.250
0.36   90.0  0.000822  0.081333 -0.433 -0.03900  0.0070  0.04775  0.163
0.31   90.0 -0.000333  0.104722 -0.347 -0.07075 -0.0040  0.07750  0.230
0.38   90.0 -0.004633  0.088355 -0.289 -0.06025 -0.0070  0.05375  0.236
0.27   90.0 -0.004722  0.103037 -0.270 -0.07475  0.0060  0.06000  0.242
0.22   90.0 -0.005933  0.098711 -0.322 -0.07675  0.0015  0.05975  0.224
0.4    90.0 -0.006000  0.096045 -0.284 -0.06400 -0.0070  0.06350  0.181
0.35   90.0 -0.006256  0.092577 -0.289 -0.06850  0.0120  0.06200  0.179
0.25   90.0 -0.006722  0.091940 -0.245 -0.06575 -0.0045  0.05075  0.201
0.26   90.0 -0.008100  0.114777 -0.236 -0.10175  0.0025  0.08375  0.205
0.21   90.0 -0.009100  0.105622 -0.232 -0.09450 -0.0050  0.07475  0.206
0.3    90.0 -0.009922  0.095651 -0.238 -0.07500 -0.0275  0.07425  0.206
0.33   90.0 -0.014556  0.113502 -0.393 -0.06225 -0.0105  0.07000  0.201
0.34   90.0 -0.015667  0.097687 -0.295 -0.07875 -0.0050  0.04875  0.225
0.29   90.0 -0.016867  0.100499 -0.324 -0.06750 -0.0025  0.05175  0.165
0.39   90.0 -0.018489  0.081947 -0.176 -0.07925 -0.0210  0.04275  0.199
0.2    90.0 -0.018567  0.118646 -0.396 -0.10075 -0.0105  0.06300  0.233

In [97]: results.describe().T.sort_values(by="50%", axis=0, ascending=False)
Out[97]: 
      count      mean       std    min      25%     50%      75%    max
0.24   90.0  0.024567  0.099489 -0.297 -0.02700  0.0360  0.07875  0.269
0.32   90.0  0.006222  0.090144 -0.255 -0.03375  0.0175  0.06125  0.164
0.28   90.0  0.004833  0.101796 -0.197 -0.05275  0.0135  0.07275  0.211
0.37   90.0  0.011322  0.086527 -0.160 -0.03775  0.0130  0.05675  0.252
0.35   90.0 -0.006256  0.092577 -0.289 -0.06850  0.0120  0.06200  0.179
0.23   90.0  0.003978  0.121406 -0.296 -0.06800  0.0075  0.08475  0.250
0.36   90.0  0.000822  0.081333 -0.433 -0.03900  0.0070  0.04775  0.163
0.27   90.0 -0.004722  0.103037 -0.270 -0.07475  0.0060  0.06000  0.242
0.26   90.0 -0.008100  0.114777 -0.236 -0.10175  0.0025  0.08375  0.205
0.22   90.0 -0.005933  0.098711 -0.322 -0.07675  0.0015  0.05975  0.224
0.29   90.0 -0.016867  0.100499 -0.324 -0.06750 -0.0025  0.05175  0.165
0.31   90.0 -0.000333  0.104722 -0.347 -0.07075 -0.0040  0.07750  0.230
0.25   90.0 -0.006722  0.091940 -0.245 -0.06575 -0.0045  0.05075  0.201
0.21   90.0 -0.009100  0.105622 -0.232 -0.09450 -0.0050  0.07475  0.206
0.34   90.0 -0.015667  0.097687 -0.295 -0.07875 -0.0050  0.04875  0.225
0.4    90.0 -0.006000  0.096045 -0.284 -0.06400 -0.0070  0.06350  0.181
0.38   90.0 -0.004633  0.088355 -0.289 -0.06025 -0.0070  0.05375  0.236
0.2    90.0 -0.018567  0.118646 -0.396 -0.10075 -0.0105  0.06300  0.233
0.33   90.0 -0.014556  0.113502 -0.393 -0.06225 -0.0105  0.07000  0.201
0.39   90.0 -0.018489  0.081947 -0.176 -0.07925 -0.0210  0.04275  0.199
0.3    90.0 -0.009922  0.095651 -0.238 -0.07500 -0.0275  0.07425  0.206


